1566106359.822
1566106359.922
1566106360.022
1566106360.122
1566106360.223
1566106360.323
1566106360.423
1566106360.523
1566106360.623
1566106360.723
1566106360.824
1566106360.924
1566106361.024
1566106361.124
1566106361.224
1566106361.324
1566106361.424
1566106361.524
1566106361.625
1566106361.725
1566106361.825
1566106361.925
1566106362.025
1566106362.125
1566106362.225
1566106362.326
1566106362.426
1566106362.526
1566106362.626
1566106362.726
1566106362.826
1566106362.926
1566106363.027
1566106363.127
1566106363.227
1566106363.327
1566106363.427
1566106363.527
1566106363.627
1566106363.728
1566106363.828
1566106363.928
1566106364.028
1566106364.128
1566106364.228
1566106364.328
1566106364.429
1566106364.529
1566106364.629
1566106364.729
1566106364.829
1566106364.929
1566106365.029
1566106365.130
1566106365.230
1566106365.330
1566106365.430
1566106365.530
1566106365.630
1566106365.730
1566106365.831
1566106365.931
1566106366.031
1566106366.131
1566106366.231
1566106366.331
1566106366.431
1566106366.532
1566106366.632
1566106366.732
1566106366.832
1566106366.932
1566106367.032
1566106367.133
1566106367.233
1566106367.333
1566106367.433
1566106367.533
1566106367.633
1566106367.733
1566106367.833
1566106367.934
1566106368.034
1566106368.134
1566106368.234
1566106368.334
1566106368.434
1566106368.534
1566106368.635
1566106368.735
1566106368.835
1566106368.935
1566106369.035
1566106369.135
1566106369.235
1566106369.336
1566106369.436
1566106369.536
1566106369.636
1566106369.736
1566106369.836
1566106369.937
1566106370.037
1566106370.137
1566106370.237
1566106370.337
1566106370.437
1566106370.537
1566106370.638
1566106370.738
1566106370.838
1566106370.938
1566106371.038
1566106371.138
1566106371.238
1566106371.339
1566106371.439
1566106371.539
1566106371.639
1566106371.739
1566106371.839
1566106371.939
1566106372.039
1566106372.140
1566106372.240
1566106372.340
1566106372.440
1566106372.540
1566106372.640
1566106372.741
1566106372.841
1566106372.941
1566106373.041
1566106373.141
1566106373.241
1566106373.341
1566106373.442
1566106373.542
1566106373.642
1566106373.742
1566106373.842
1566106373.942
1566106374.042
1566106374.142
1566106374.242
1566106374.342
1566106374.442
1566106374.542
1566106374.643
1566106374.743
1566106374.843
1566106374.943
1566106375.043
1566106375.143
1566106375.243
1566106375.343
1566106375.444
1566106375.544
1566106375.644
1566106375.744
1566106375.844
1566106375.944
1566106376.045
1566106376.145
1566106376.245
1566106376.345
1566106376.445
1566106376.545
1566106376.645
1566106376.745
1566106376.846
1566106376.946
1566106377.046
1566106377.146
1566106377.246
1566106377.346
1566106377.446
1566106377.547
1566106377.647
1566106377.747
1566106377.847
1566106377.947
1566106378.047
1566106378.147
1566106378.247
1566106378.347
1566106378.448
1566106378.548
1566106378.648
1566106378.748
1566106378.848
1566106378.948
1566106379.048
1566106379.148
1566106379.248
1566106379.348
1566106379.449
1566106379.549
1566106379.649
1566106379.749
1566106379.849
1566106379.949
1566106380.049
1566106380.149
1566106380.250
1566106380.350
1566106380.450
1566106380.550
1566106380.650
1566106380.750
1566106380.850
1566106380.950
1566106381.050
1566106381.150
1566106381.250
1566106381.351
1566106381.451
1566106381.551
1566106381.651
1566106381.751
1566106381.851
1566106381.951
1566106382.051
1566106382.152
1566106382.252
1566106382.352
1566106382.452
1566106382.552
1566106382.652
1566106382.752
1566106382.853
1566106382.953
1566106383.053
1566106383.153
1566106383.253
1566106383.353
1566106383.453
1566106383.553
1566106383.654
1566106383.754
1566106383.854
1566106383.954
1566106384.054
1566106384.154
1566106384.254
1566106384.354
1566106384.454
1566106384.555
1566106384.655
1566106384.755
1566106384.855
1566106384.955
1566106385.055
1566106385.155
1566106385.255
1566106385.355
1566106385.456
1566106385.556
1566106385.656
1566106385.756
1566106385.856
1566106385.956
1566106386.056
1566106386.156
1566106386.256
1566106386.357
1566106386.457
1566106386.557
1566106386.657
1566106386.757
1566106386.857
1566106386.957
1566106387.057
1566106387.158
1566106387.258
1566106387.358
1566106387.458
1566106387.558
1566106387.658
1566106387.758
1566106387.858
1566106387.958
1566106388.059
1566106388.159
1566106388.259
1566106388.359
1566106388.459
1566106388.559
1566106388.659
1566106388.759
1566106388.860
1566106388.960
1566106389.060
1566106389.160
1566106389.260
1566106389.360
1566106389.460
1566106389.560
1566106389.660
1566106389.760
1566106389.861
1566106389.961
1566106390.061
1566106390.161
1566106390.261
1566106390.361
1566106390.461
1566106390.561
1566106390.661
1566106390.761
1566106390.862
1566106390.962
1566106391.062
1566106391.162
1566106391.262
1566106391.362
1566106391.462
1566106391.562
1566106391.663
1566106391.763
1566106391.863
1566106391.963
1566106392.063
1566106392.163
1566106392.263
1566106392.363
1566106392.464
1566106392.564
1566106392.664
1566106392.764
1566106392.864
1566106392.964
1566106393.065
1566106393.165
1566106393.265
1566106393.365
1566106393.465
1566106393.565
1566106393.665
1566106393.765
1566106393.865
1566106393.966
1566106394.066
1566106394.166
1566106394.266
1566106394.366
1566106394.466
1566106394.566
1566106394.666
1566106394.766
1566106394.866
1566106394.967
1566106395.067
1566106395.167
1566106395.267
1566106395.367
1566106395.467
1566106395.567
1566106395.667
1566106395.767
1566106395.867
1566106395.967
1566106396.068
1566106396.168
1566106396.268
1566106396.368
1566106396.468
1566106396.568
1566106396.668
1566106396.768
1566106396.868
1566106396.969
1566106397.069
1566106397.169
1566106397.269
1566106397.369
1566106397.469
1566106397.569
1566106397.670
1566106397.770
1566106397.870
1566106397.970
1566106398.070
1566106398.170
1566106398.270
1566106398.370
1566106398.470
1566106398.571
1566106398.671
1566106398.771
1566106398.871
1566106398.971
1566106399.071
1566106399.171
1566106399.271
1566106399.372
1566106399.472
1566106399.572
1566106399.672
1566106399.772
1566106399.872
1566106399.972
1566106400.073
1566106400.173
1566106400.273
1566106400.373
1566106400.473
1566106400.573
1566106400.673
1566106400.774
1566106400.874
1566106400.974
1566106401.074
1566106401.174
1566106401.274
1566106401.374
1566106401.474
1566106401.575
1566106401.675
1566106401.775
1566106401.875
1566106401.975
1566106402.075
1566106402.175
1566106402.275
1566106402.375
1566106402.475
1566106402.576
1566106402.676
1566106402.776
1566106402.876
1566106402.976
1566106403.076
1566106403.176
1566106403.276
1566106403.376
1566106403.476
1566106403.576
1566106403.677
1566106403.777
1566106403.877
1566106403.977
1566106404.077
1566106404.177
1566106404.277
1566106404.378
1566106404.478
1566106404.578
1566106404.678
1566106404.778
1566106404.878
1566106404.978
1566106405.079
1566106405.179
1566106405.279
1566106405.379
1566106405.479
1566106405.579
1566106405.679
1566106405.779
1566106405.879
1566106405.979
1566106406.079
1566106406.180
1566106406.280
1566106406.380
1566106406.480
1566106406.580
1566106406.680
1566106406.780
1566106406.880
1566106406.980
1566106407.081
1566106407.181
1566106407.281
1566106407.381
1566106407.481
1566106407.581
1566106407.681
1566106407.781
1566106407.881
1566106407.982
1566106408.082
1566106408.182
1566106408.282
1566106408.382
1566106408.482
1566106408.582
1566106408.683
1566106408.783
1566106408.883
1566106408.983
1566106409.083
1566106409.183
1566106409.283
1566106409.383
1566106409.483
1566106409.583
1566106409.684
1566106409.784
1566106409.884
1566106409.984
1566106410.084
1566106410.184
1566106410.284
1566106410.384
1566106410.485
1566106410.585
1566106410.685
1566106410.785
1566106410.885
1566106410.985
1566106411.085
1566106411.185
1566106411.286
1566106411.386
1566106411.486
1566106411.586
1566106411.686
1566106411.786
1566106411.886
1566106411.986
1566106412.087
1566106412.187
1566106412.287
1566106412.387
1566106412.487
1566106412.587
1566106412.687
1566106412.788
1566106412.888
1566106412.988
1566106413.088
1566106413.188
1566106413.288
1566106413.388
1566106413.489
1566106413.589
1566106413.689
1566106413.789
1566106413.889
1566106413.989
1566106414.089
1566106414.190
1566106414.290
1566106414.390
1566106414.490
1566106414.590
1566106414.690
1566106414.791
1566106414.891
1566106414.991
1566106415.091
1566106415.191
1566106415.291
1566106415.391
1566106415.492
1566106415.592
1566106415.692
1566106415.792
1566106415.892
1566106415.992
1566106416.092
1566106416.193
1566106416.293
1566106416.393
1566106416.493
1566106416.593
1566106416.693
1566106416.793
1566106416.894
1566106416.994
1566106417.094
1566106417.194
1566106417.294
1566106417.394
1566106417.495
1566106417.595
1566106417.695
1566106417.795
1566106417.895
1566106417.995
1566106418.095
1566106418.196
1566106418.296
1566106418.396
1566106418.496
1566106418.596
1566106418.696
1566106418.797
1566106418.897
1566106418.997
1566106419.097
1566106419.197
1566106419.297
1566106419.397
1566106419.497
1566106419.598
1566106419.698
1566106419.798
1566106419.898
1566106419.998
1566106420.099
1566106420.199
1566106420.299
1566106420.399
1566106420.499
1566106420.599
1566106420.699
1566106420.799
1566106420.899
1566106421.000
1566106421.100
1566106421.200
1566106421.300
1566106421.400
1566106421.500
1566106421.600
1566106421.701
1566106421.801
1566106421.901
1566106422.001
1566106422.101
1566106422.201
1566106422.301
1566106422.402
1566106422.502
1566106422.602
1566106422.702
1566106422.802
1566106422.902
1566106423.002
1566106423.103
1566106423.203
1566106423.303
1566106423.403
1566106423.503
1566106423.603
1566106423.703
1566106423.804
1566106423.904
1566106424.004
1566106424.104
1566106424.204
1566106424.304
1566106424.404
1566106424.504
1566106424.604
1566106424.704
1566106424.805
1566106424.905
1566106425.005
1566106425.105
1566106425.205
1566106425.305
1566106425.405
1566106425.506
1566106425.606
1566106425.706
1566106425.806
1566106425.906
1566106426.006
1566106426.106
1566106426.207
1566106426.307
1566106426.407
1566106426.507
1566106426.607
1566106426.707
1566106426.808
1566106426.908
1566106427.008
1566106427.108
1566106427.208
1566106427.308
1566106427.408
1566106427.508
1566106427.609
1566106427.709
1566106427.809
1566106427.909
1566106428.009
1566106428.109
1566106428.209
1566106428.310
1566106428.410
1566106428.510
1566106428.610
1566106428.710
1566106428.810
1566106428.910
1566106429.011
1566106429.111
1566106429.211
1566106429.311
1566106429.411
1566106429.511
1566106429.611
1566106429.712
1566106429.812
1566106429.912
1566106430.012
1566106430.112
1566106430.212
1566106430.312
1566106430.412
1566106430.512
1566106430.612
1566106430.713
1566106430.813
1566106430.913
1566106431.013
1566106431.113
1566106431.213
1566106431.313
1566106431.413
1566106431.513
1566106431.614
1566106431.714
1566106431.814
1566106431.914
1566106432.014
1566106432.114
1566106432.214
1566106432.314
1566106432.414
1566106432.515
1566106432.615
1566106432.715
1566106432.815
1566106432.915
1566106433.015
1566106433.117
1566106433.216
1566106433.316
1566106433.416
1566106433.516
1566106433.616
1566106433.716
1566106433.816
1566106433.916
1566106434.016
1566106434.116
1566106434.216
1566106434.317
1566106434.417
1566106434.517
1566106434.617
1566106434.717
1566106434.818
1566106434.918
1566106435.018
1566106435.118
1566106435.218
1566106435.318
1566106435.418
1566106435.518
1566106435.619
1566106435.719
1566106435.819
1566106435.919
1566106436.019
1566106436.119
1566106436.219
1566106436.320
1566106436.420
1566106436.520
1566106436.620
1566106436.720
1566106436.820
1566106436.920
1566106437.020
1566106437.120
1566106437.220
1566106437.321
1566106437.421
1566106437.521
1566106437.621
1566106437.721
1566106437.821
1566106437.921
1566106438.021
1566106438.122
1566106438.222
1566106438.322
1566106438.422
1566106438.522
1566106438.622
1566106438.722
1566106438.823
1566106438.923
1566106439.023
1566106439.123
1566106439.223
1566106439.323
1566106439.423
1566106439.523
1566106439.624
1566106439.724
1566106439.824
1566106439.924
1566106440.024
1566106440.124
1566106440.224
1566106440.324
1566106440.425
1566106440.525
1566106440.625
1566106440.725
1566106440.825
1566106440.925
1566106441.025
1566106441.125
1566106441.225
1566106441.325
1566106441.426
1566106441.526
1566106441.626
1566106441.726
1566106441.826
1566106441.926
1566106442.026
1566106442.127
1566106442.227
1566106442.327
1566106442.427
1566106442.527
1566106442.627
1566106442.727
1566106442.827
1566106442.927
1566106443.027
1566106443.128
1566106443.228
1566106443.328
1566106443.428
1566106443.528
1566106443.628
1566106443.728
1566106443.828
1566106443.928
1566106444.028
1566106444.129
1566106444.229
1566106444.329
1566106444.429
1566106444.529
1566106444.629
1566106444.729
1566106444.829
1566106444.929
1566106445.030
1566106445.130
1566106445.230
1566106445.330
1566106445.430
1566106445.530
1566106445.630
1566106445.731
1566106445.831
1566106445.931
1566106446.031
1566106446.131
1566106446.231
1566106446.331
1566106446.431
1566106446.531
1566106446.631
1566106446.731
1566106446.832
1566106446.932
1566106447.032
1566106447.132
1566106447.232
1566106447.332
1566106447.432
1566106447.533
1566106447.633
1566106447.733
1566106447.833
1566106447.933
1566106448.033
1566106448.133
1566106448.233
1566106448.333
1566106448.433
1566106448.533
1566106448.634
1566106448.734
1566106448.834
1566106448.934
1566106449.034
1566106449.134
1566106449.234
1566106449.334
1566106449.435
1566106449.535
1566106449.635
1566106449.735
1566106449.835
1566106449.935
1566106450.035
1566106450.136
1566106450.236
1566106450.336
1566106450.436
1566106450.536
1566106450.636
1566106450.736
1566106450.836
1566106450.936
1566106451.036
1566106451.137
1566106451.237
1566106451.337
1566106451.437
1566106451.537
1566106451.637
1566106451.737
1566106451.837
1566106451.937
1566106452.038
1566106452.138
1566106452.238
1566106452.338
1566106452.438
1566106452.538
1566106452.638
1566106452.738
1566106452.838
1566106452.939
1566106453.039
1566106453.139
1566106453.239
1566106453.339
1566106453.439
1566106453.539
1566106453.639
1566106453.739
1566106453.839
1566106453.940
1566106454.040
1566106454.140
1566106454.240
1566106454.340
1566106454.440
1566106454.540
1566106454.640
1566106454.741
1566106454.841
1566106454.941
1566106455.041
1566106455.141
1566106455.241
1566106455.341
1566106455.441
1566106455.542
1566106455.642
1566106455.742
1566106455.842
1566106455.942
1566106456.042
1566106456.142
1566106456.243
1566106456.343
1566106456.443
1566106456.543
1566106456.643
1566106456.744
1566106456.844
1566106456.944
1566106457.044
1566106457.144
1566106457.244
1566106457.344
1566106457.444
1566106457.544
1566106457.644
1566106457.745
1566106457.845
1566106457.945
1566106458.045
1566106458.145
1566106458.245
1566106458.345
1566106458.445
1566106458.545
1566106458.645
1566106458.745
1566106458.846
1566106458.946
1566106459.046
1566106459.146
1566106459.246
1566106459.346
1566106459.446
1566106459.546
1566106459.647
1566106459.747
1566106459.847
1566106459.947
1566106460.047
1566106460.147
1566106460.248
1566106460.348
1566106460.448
1566106460.548
1566106460.648
1566106460.748
1566106460.848
1566106460.949
1566106461.049
1566106461.149
1566106461.249
1566106461.349
1566106461.449
1566106461.549
1566106461.649
1566106461.750
1566106461.850
1566106461.950
1566106462.050
1566106462.150
1566106462.250
1566106462.350
1566106462.451
1566106462.551
1566106462.651
1566106462.751
1566106462.851
1566106462.951
1566106463.051
1566106463.152
1566106463.252
1566106463.352
1566106463.452
1566106463.552
1566106463.652
1566106463.752
1566106463.853
1566106463.953
1566106464.053
1566106464.153
1566106464.253
1566106464.353
1566106464.453
1566106464.553
1566106464.654
1566106464.754
1566106464.854
1566106464.954
1566106465.054
1566106465.154
1566106465.254
1566106465.355
1566106465.455
1566106465.555
1566106465.655
1566106465.755
1566106465.855
1566106465.955
1566106466.056
1566106466.156
1566106466.256
1566106466.356
1566106466.456
1566106466.556
1566106466.656
1566106466.757
1566106466.857
1566106466.957
1566106467.057
1566106467.157
1566106467.257
1566106467.357
1566106467.457
1566106467.557
1566106467.657
1566106467.757
1566106467.858
1566106467.958
1566106468.058
1566106468.158
1566106468.258
1566106468.358
1566106468.458
1566106468.558
1566106468.659
1566106468.759
1566106468.859
1566106468.959
1566106469.059
1566106469.159
1566106469.259
1566106469.359
1566106469.460
1566106469.560
1566106469.660
1566106469.760
1566106469.860
1566106469.960
1566106470.060
1566106470.160
1566106470.261
1566106470.361
1566106470.461
1566106470.561
1566106470.661
1566106470.761
1566106470.861
1566106470.961
1566106471.061
1566106471.162
1566106471.262
1566106471.362
1566106471.462
1566106471.562
1566106471.662
1566106471.762
1566106471.862
1566106471.963
1566106472.063
1566106472.163
1566106472.263
1566106472.363
1566106472.463
1566106472.563
1566106472.663
1566106472.764
1566106472.864
1566106472.964
1566106473.064
1566106473.164
1566106473.264
1566106473.364
1566106473.464
1566106473.565
1566106473.665
1566106473.765
1566106473.865
1566106473.965
1566106474.065
1566106474.165
1566106474.265
1566106474.365
1566106474.466
1566106474.566
1566106474.666
1566106474.766
1566106474.866
1566106474.966
1566106475.066
1566106475.166
1566106475.267
1566106475.367
1566106475.467
1566106475.567
1566106475.667
1566106475.767
1566106475.867
1566106475.967
1566106476.067
1566106476.167
1566106476.267
1566106476.368
1566106476.468
1566106476.568
1566106476.668
1566106476.768
1566106476.868
1566106476.968
1566106477.068
1566106477.168
1566106477.269
1566106477.369
1566106477.469
1566106477.569
1566106477.669
1566106477.769
1566106477.869
1566106477.969
1566106478.070
1566106478.170
1566106478.270
1566106478.370
1566106478.470
1566106478.570
1566106478.670
1566106478.770
1566106478.870
1566106478.971
1566106479.071
1566106479.171
1566106479.271
1566106479.371
1566106479.471
1566106479.571
1566106479.671
1566106479.771
1566106479.872
1566106479.972
1566106480.072
1566106480.172
1566106480.272
1566106480.372
1566106480.472
1566106480.572
1566106480.672
1566106480.773
1566106480.873