3550
3549
3550
3547
3548
3547
3549
3549
3545
3546
3547
3546
3543
3546
3548
3548
3547
3551
3549
3546
3550
3555
3547
3551
3548
3548
3548
3548
3548
3546
3548
3547
3548
3550
3554
3548
3559
3545
3548
3549
3549
3555
3549
3549
3549
3549
3545
3548
3548
3548
3551
3548
3547
3548
3556
3548
3548
3547
3549
3549
3548
3549
3549
3555
3550
3548
3548
3546
3551
3546
3547
3546
3553
3547
3551
3548
3546
3548
3549
3546
3543
3547
3550
3548
3548
3547
3547
3549
3548
3544
3547
3548
3545
3552
3548
3547
3547
3547
3547
3548
