1606
1599
1596
1592
1596
1603
1594
1594
1600
1597
1598
1595
1597
1592
1595
1594
1597
1596
1594
1598
1595
1597
1594
1597
1594
1596
1595
1596
1591
1596
1592
1596
1592
1595
1594
1594
1596
1592
1597
1591
1597
1593
1599
1597
1590
1592
1595
1593
1594
1594
1597
1597
1593
1597
1592
1599
1593
1596
1592
1596
1594
1597
1591
1596
1596
1596
1601
1598
1595
1592
1598
1591
1599
1593
1597
1594
1599
1594
1598
1596
1598
1594
1594
1600
1593
1598
1588
1593
1593
1599
1596
1596
1593
1594
1592
1597
1593
1596
1603
1602
