2434
2447
2446
2443
2442
2473
2440
2438
2443
2470
2438
2438
2438
2474
2441
2444
2440
2474
2438
2442
2441
2474
2439
2438
2441
2476
2441
2442
2440
2470
2441
2441
2441
2471
2438
2440
2446
2483
2456
2440
2444
2475
2442
2462
2467
2502
2452
2441
2442
2473
2440
2439
2440
2473
2442
2441
2438
2474
2442
2442
2441
2492
2460
2465
2471
2487
2440
2437
2441
2473
2441
2438
2439
2471
2441
2441
2441
2470
2441
2442
2442
2474
2441
2439
2441
2474
2440
2440
2440
2478
2439
2441
2442
2473
2438
2442
2440
2473
2441
2439
